.Random.seed <-
c(403L, 624L, -1829698403L, -321279302L, 1655908595L, 1266622872L, 
186293945L, -585531610L, -670711953L, 113372900L, 827449493L, 
-2020775854L, 584758187L, -1209233680L, -627005903L, -515468738L, 
-1926348377L, -1459155524L, -1005286515L, -1692997398L, 1142318435L, 
242759496L, -396694359L, -1686300586L, -172041505L, 1439799188L, 
-182655611L, -1521447806L, 86318619L, 526088864L, 1008423457L, 
-684887698L, 261384983L, 1851845740L, 1007341181L, 1872802586L, 
1071758803L, 1547417848L, -1657817447L, 34864518L, -1419259313L, 
1512074308L, 1035609717L, 142195890L, -1262279541L, -844475824L, 
-1444808175L, 2109283486L, 810414215L, -1809352932L, 465751405L, 
-321255094L, -967036349L, -1197168984L, -554173303L, 552677046L, 
-818436673L, 1756982516L, -1275550875L, 1640757474L, -1529100549L, 
-200010240L, -1892442623L, -379808818L, 644993527L, 1657122252L, 
-806647715L, -35263622L, -376651085L, -296877992L, -892158343L, 
-588796954L, 1428509999L, 1768397220L, 1147624533L, 1657422098L, 
-1571420821L, 1653851568L, 923745777L, 457889534L, 2128023399L, 
-1922658180L, 15990605L, 648501674L, -851808477L, -1097677304L, 
-711000983L, 529167638L, -1092099937L, -2034896300L, 257249605L, 
-306735806L, 1138286555L, 937714016L, -1137452575L, 829875758L, 
-1944803113L, -504029396L, -2096418243L, -1279175718L, 384579475L, 
-1852966984L, -1141131687L, 120359494L, -1946793969L, -571508988L, 
1490125365L, 1167521138L, 1506498123L, -1853822704L, -115314223L, 
-1768701602L, -696148409L, -115582500L, 1176510765L, -359212534L, 
1575558147L, 639276392L, 1917316169L, 383839094L, -1450734721L, 
790570932L, 2024468261L, 1043030434L, 1582590139L, 1000627392L, 
2014578113L, 840198286L, -1942687817L, -431538036L, 1172425757L, 
961211450L, -1690821517L, 1104387864L, 346201657L, 1719310502L, 
-493704465L, -1928330140L, -898590699L, 1811405266L, -447015125L, 
1632222320L, 1661834673L, -1741956162L, -251290329L, -408890564L, 
2042573581L, 1723894378L, -1717552925L, 1628705992L, -689255383L, 
-762539562L, 1338943071L, 223153428L, -1653506811L, 1413438978L, 
210133403L, 1009518624L, 1942757793L, 969743086L, -829774185L, 
370414060L, -991472131L, -1030048614L, 1705537875L, 1727460984L, 
-188778983L, 745133830L, -944603697L, 2015445444L, 616340981L, 
-1660621262L, -348305397L, -993640496L, -472995439L, -1800722914L, 
-467989497L, 357301404L, -431409939L, 1430022858L, -1114126909L, 
1297564712L, -1585472503L, 1780836406L, 1316303167L, -124280204L, 
1730214629L, 1024166498L, 44485243L, 1649632128L, 1549020545L, 
1664679246L, 1456328055L, -1011641524L, 1754517469L, 264809722L, 
-2123024845L, -724566568L, -129352199L, -695057050L, -2045919057L, 
-864342236L, 791516117L, -1412025710L, -1381373717L, -1697746128L, 
-430199439L, -861298562L, 561638119L, -361376260L, -1841944883L, 
-64849110L, 587711139L, 884745096L, -335651863L, 1094938262L, 
506670111L, -195631148L, -80647995L, 296216258L, -1863474341L, 
-1024299296L, -626775711L, -1796206674L, -2068421545L, -310524756L, 
1432304061L, 1827460442L, 366373651L, -885607112L, 926610905L, 
780919750L, 1146909583L, -478819196L, -314869323L, 2005116658L, 
181991883L, -1371908464L, -777215663L, 1287604958L, 1994013127L, 
2071355228L, 1073612973L, 764066698L, 1059598211L, -853888280L, 
1281297353L, 125740278L, 331388671L, 803396916L, -1155873115L, 
-148081886L, -1550652357L, 1591814720L, -1816914623L, -2121641458L, 
335309623L, 1036690956L, 1807848349L, -1306579526L, 1711542259L, 
-167568232L, 1166646713L, 1240379942L, 89560687L, 1114184164L, 
-1637986411L, -349877422L, 2097314475L, -1243485712L, 146375985L, 
-310106818L, 234092711L, -2002413380L, 1847122573L, 1200434154L, 
-1557066653L, 944435784L, -728126551L, -1200682154L, 1607823839L, 
110330516L, 1146426501L, 514928514L, -1026644709L, 586651040L, 
679211297L, -1482701714L, 475521559L, 183646060L, 1211293053L, 
1131918874L, -784980781L, 1829581816L, 858666393L, -1974292346L, 
-1481365169L, -1699932348L, -1106373259L, -36495438L, 442395531L, 
1419586896L, -361080559L, 1401958302L, 1820272519L, 2119926300L, 
1459526765L, 876727370L, -61187773L, 69525928L, 312884105L, -1683185226L, 
254393535L, -4139020L, 1884836453L, -984736798L, 316198395L, 
-401755904L, 905166081L, 1372088014L, 293652727L, 1464629452L, 
1126897501L, 286158458L, -760960589L, -1272120488L, -1944011399L, 
-1655709978L, -433247185L, -912669532L, 63097685L, -1297800174L, 
-1792750485L, 423895216L, -773382927L, -277124610L, 1949550183L, 
1961892732L, -249082291L, 1774230698L, 333190691L, 713064712L, 
276609897L, 1154443286L, 175470495L, -826090156L, 1419542597L, 
874199106L, 1407805147L, 1929084000L, 1427339489L, -1768146642L, 
-1020321833L, -785290708L, 1898070333L, -1761913126L, 25665171L, 
-1153797448L, 1482241369L, 2088648006L, 1467588367L, -662232572L, 
1660186933L, 414406770L, 999136587L, 2125382672L, 368562385L, 
-35793826L, 1657394503L, 817587420L, -284495827L, -366895862L, 
-823246077L, 288739432L, 1410673481L, -1821417866L, 376480383L, 
1391563444L, 1117363749L, -1070562142L, -499617861L, 1956181952L, 
450045121L, 1488141198L, 1562044087L, -755430516L, -1567597795L, 
-581537990L, 286720883L, -569533928L, 466591033L, 1836436390L, 
1850835439L, -53661852L, 186320661L, 1259715794L, -137306581L, 
-340453520L, 161772721L, -2024837442L, -772189145L, 571825724L, 
-1088323059L, 1132252522L, 784916451L, -1977823288L, -546862295L, 
-1289452330L, -741130913L, -1750796268L, -943215611L, -895090430L, 
-1241651045L, -1984027872L, 405455009L, 1185246702L, 1727798679L, 
1660640492L, 1676502269L, 2016917402L, -796207021L, -461475464L, 
-696519399L, 30312966L, 2037175503L, -1748767548L, 1739492597L, 
1894011186L, 1344704267L, -1288758576L, -68876143L, 1617443102L, 
-1216724217L, 1700136860L, -1948056595L, -1880478262L, 1352920259L, 
-754090200L, 812374793L, 461822774L, -1084929985L, -734720652L, 
-1382110747L, -1064063646L, 1668403579L, 994246272L, -636334975L, 
-620048306L, -997538697L, 865099340L, -38707491L, -2018037766L, 
723197235L, 40171736L, 72760569L, 388003942L, -1551657041L, 918772260L, 
539427541L, -1120463470L, 1724297195L, 334810672L, 934382705L, 
700461950L, 1694802407L, -1026203396L, 1002927565L, 1971437098L, 
1840736675L, -1780490616L, 1092229865L, -1876008554L, 833536799L, 
1811534548L, -107571259L, 454134210L, 449587803L, -33584672L, 
-377370527L, 1551590062L, -1249977513L, -1559228500L, 1951680701L, 
-1209214886L, 671076883L, -677826504L, -1655278375L, -687630650L, 
-213005681L, -1826392188L, 402417845L, 1864763890L, -102154037L, 
954085776L, 67240017L, 1341087198L, -2007994169L, -1360303524L, 
1900468141L, 643530378L, -616868221L, -395579928L, -2023077175L, 
548607990L, 1603775999L, -297056204L, -316181083L, 1597478434L, 
-1471876293L, 852215104L, -881773503L, -577821426L, -711957961L, 
-1143836404L, -2008145251L, 1089515706L, -361695501L, 1878202264L, 
359963833L, -1223695066L, 1266904431L, -1841543964L, 1856421525L, 
-775344558L, 1673937323L, 952321264L, -1546755023L, 193837118L, 
722841511L, 1240474556L, -1965479539L, 1620012778L, 174568291L, 
1284091208L, -179017047L, 682425942L, 1506281695L, 377580948L, 
97076101L, 505270914L, 1947479067L, 645902496L, 14192673L, 1021187950L, 
477583639L, 875528812L, -1240011651L, -421873382L, -1314485293L, 
1128967928L, 1554560153L, 2027774854L, 1792835663L, 1164296772L, 
2141062261L, 1010336434L, -1701465461L, 377227344L, 1443805201L, 
1630749342L, -1291035001L, 1614515484L, -1560908947L, 1849003850L, 
-2005630909L, -1341055832L, -120554871L, 1337201846L, 217568191L, 
-873184524L, -51117723L, -186892574L, -2106469125L, 301157376L, 
112188417L, 620771790L, -571752457L, 1853834188L, 908502621L, 
-104664710L, -656895821L, 897054296L, -555041671L, 704909798L, 
-334429393L, -369627228L, -497403307L, 294389522L, 814715755L, 
-1059030096L, 1438317553L, 561511678L, -504595097L, 1780852348L, 
-1877566131L, 627433386L, -23479005L, 1826241544L, 2077653609L, 
